9.863948611475340522e-01
1.000658860246067761e+00
9.983849196682285099e-01
9.874519802642997002e-01
9.834251508368817563e-01
1.006686045459150858e+00
9.800336010423552624e-01
9.801284363512727804e-01
1.005573176012628522e+00
1.010764848032183361e+00
9.987497388588106872e-01
1.012437708161089356e+00
9.826796956261504290e-01
1.000209824886091114e+00
1.027341288380581696e+00
1.001876948587452354e+00
1.002525974226703864e+00
9.971400152430125452e-01
9.930740753399258658e-01
1.004552649434806488e+00
9.847695015791363415e-01
1.000147026849332210e+00
1.021613720853263407e+00
9.964617982470563851e-01
1.004117109722973300e+00
1.010832191464745788e+00
9.985992007629356237e-01
1.002094570925850414e+00
1.009330443871709226e+00
9.969489010854634126e-01
9.960989255792528363e-01
1.002679864422536093e+00
9.844516224487294132e-01
9.881820192702909234e-01
1.001577436419277545e+00
1.001037684159550745e+00
9.939886543757132653e-01
9.970124646513557343e-01
9.986661905921774274e-01
9.934684931895310100e-01
1.006639394101222384e+00
9.912554504201349648e-01
9.823206593047362212e-01
1.011167763613816772e+00
1.027974945058992340e+00
1.003946985709553985e+00
1.015963935611510660e+00
9.986390733492036542e-01
1.016660098061475059e+00
1.011085795239016205e+00
9.867645163639421346e-01
1.023226520353568647e+00
1.014007936698466228e+00
1.010513987210822195e+00
9.922466884199712123e-01
1.009424061089035263e+00
1.007653985955198728e+00
1.018414554971023067e+00
9.999922588963785497e-01
1.011107460373586342e+00
1.011627564681235159e+00
9.968048290403572764e-01
1.002347136775132874e+00
1.003221475529520790e+00
1.006115327849910202e+00
1.011525041098291222e+00
9.934596275452859393e-01
9.962989746325197071e-01
1.019345208235060918e+00
1.010334390257319637e+00
9.893136649717276798e-01
9.916849967362159068e-01
1.017205954172454296e+00
1.007548366374732662e+00
9.993408187576783286e-01
9.801634837026867997e-01
9.887776581685963073e-01
1.010587059713916824e+00
9.881167667967633017e-01
9.995272746178016643e-01
9.964851852945477706e-01
1.008381550024863627e+00
1.003332227918341202e+00
1.005254257513417349e+00
1.002154515995421491e+00
1.002402181377308299e+00
9.859297907192104971e-01
1.005838417553855058e+00
9.936401914666278534e-01
9.937584026947116067e-01
9.751599881811490178e-01
1.002054980796925898e+00
1.007249222882549144e+00
1.000902085493221572e+00
9.925398125990917420e-01
1.015878349570725536e+00
1.002704054459666372e+00
1.022605130984185484e+00
9.987326681511504711e-01
1.007119432411516913e+00
9.799259263945228060e-01
1.015427616359051211e+00
9.820692550668215226e-01
1.017482820524262976e+00
9.911287353660809263e-01
1.000749713165645094e+00
9.756076695833401091e-01
1.011963239801304759e+00
9.769526155213381635e-01
9.969357284285939036e-01
9.945120860652537642e-01
1.003569362563101031e+00
9.996381727843709486e-01
1.002000777235948936e+00
9.923428883797777988e-01
1.001145961036367327e+00
1.010338171383591499e+00
9.982837898406673460e-01
1.003638522959692025e+00
9.949757600475100938e-01
1.006989080029845107e+00
9.965882349638559567e-01
9.935193937422351906e-01
9.883101674215115651e-01
1.014229342190458238e+00
1.005431224516369459e+00
9.969404336117857479e-01
1.019594716478796625e+00
1.009710604710509774e+00
1.011268704672610541e+00
1.004050759903566847e+00
9.851540602246295908e-01
1.011184459523693624e+00
9.906945624546681373e-01
1.011945102310118916e+00
1.003614605681379057e+00
9.988435305561775834e-01
9.873492460864186082e-01
9.991778581656068914e-01
1.000104482427237373e+00
9.956851155363285466e-01
9.989400394805157957e-01
1.006418841076917259e+00
1.022254447592499726e+00
1.009392029282486947e+00
9.725968472677186671e-01
9.934591213483608962e-01
9.884278989168919782e-01
9.912020122555638135e-01
9.800389421439752446e-01
9.762423118020894242e-01
1.004425439965369815e+00
9.805920091061093302e-01
9.868652486528484147e-01
9.940648155750589909e-01
9.888812337486089232e-01
9.909479519098585154e-01
1.004409666105703591e+00
9.895438640631009086e-01
1.006171490864591345e+00
9.943020988585820064e-01
1.002719556606893603e+00
1.008268153076724793e+00
9.993747088517968002e-01
9.946637896160035464e-01
9.922817892369244497e-01
9.915487687964710251e-01
9.891678447695935184e-01
9.965408596557009391e-01
9.934772310704993448e-01
9.785462109391702690e-01
9.776380109650566474e-01
1.011250090089534259e+00
9.985769954605105969e-01
9.783936149493899226e-01
9.907769827884935765e-01
1.001670541301040274e+00
9.992925761895109504e-01
9.894949631652626421e-01
9.895835985610867969e-01
9.907189745196860464e-01
9.976338376931248586e-01
9.891693214712917737e-01
9.962007597831561423e-01
1.007693690660634633e+00
1.009864118710587455e+00
9.951512889028250042e-01
1.000522436556510630e+00
9.985507687501612439e-01
1.006412747342014136e+00
1.002376749061258066e+00
9.824654224869076025e-01
1.001857311004069606e+00
1.005906672021132708e+00
1.000435885631792976e+00
1.004336441619228193e+00
1.008391586413912799e+00
9.961304218837622182e-01
9.930479125651457961e-01
9.857012177156221355e-01
9.994505729783725867e-01
1.012230826983322896e+00
9.907650527102536131e-01
9.952397948518515447e-01
1.003221406594611675e+00
9.958144023777046883e-01
9.909920213158377456e-01
9.895736480033144877e-01
1.004513931758886924e+00
1.003925499575463176e+00
1.000222375433684086e+00
1.022281595729481074e+00
1.002412076226539606e+00
9.905810157214486322e-01
1.002833924372284136e+00
9.890851215331629698e-01
1.006769229329331106e+00
9.914699336397314600e-01
1.002320977273624569e+00
1.006814797484949953e+00
1.002815139122426036e+00
1.002608903486680081e+00
1.000358399411965804e+00
1.000995060408040649e+00
9.998525901862806986e-01
1.007121574852384294e+00
1.001763466836273375e+00
9.903207959951242367e-01
9.902863973987757751e-01
9.888390493919063662e-01
9.814079257457953842e-01
1.007159257866329760e+00
9.928088897112610223e-01
9.961311730437720779e-01
1.001069987007940254e+00
9.926255748495331765e-01
1.007193878312391933e+00
1.008989544694565366e+00
9.848594916102373364e-01
1.009352842067401168e+00
9.949053450411832200e-01
1.004594385797978662e+00
1.015791674013736046e+00
9.950570795423665516e-01
1.007896461396531107e+00
9.984054928939157803e-01
1.001123540164849723e+00
9.966455020199895820e-01
9.912909358276852378e-01
9.997085216475104508e-01
1.019265730672201498e+00
1.009906460164320174e+00
9.948572995379904027e-01
9.909819730561945095e-01
9.914547876842811913e-01
9.985379044862340292e-01
1.007881829043397071e+00
1.010991573120983755e+00
9.923046149186423026e-01
9.973881376921861497e-01
9.693088234629247957e-01
1.018708397436241642e+00
9.986953646152797459e-01
1.008800569552617654e+00
1.006565128025751488e+00
9.904031451990663593e-01
1.003111189725158336e+00
9.992779299343105270e-01
9.985922600584635767e-01
9.922520675550465796e-01
9.961488256879926784e-01
1.000568924605850452e+00
1.007054710989678359e+00
1.001012326639755257e+00
1.007678321028300239e+00
1.020699498172765063e+00
9.995618214148191960e-01
9.913937883420564923e-01
1.004761310715472034e+00
9.923230571244868736e-01
1.011261098162186789e+00
1.011651442096205722e+00
9.993522413697200069e-01
1.003448279588146752e+00
9.953862590940459887e-01
9.995223551307672594e-01
9.862416056309176726e-01
1.005983934224902399e+00
1.009074292028916187e+00
9.942409930652992278e-01
9.927780107492673034e-01
1.000517932298980783e+00
1.004503247123826881e+00
1.007241989387533065e+00
9.939067192413940655e-01
9.948376757946735260e-01
1.001674550188859092e+00
9.944883755034146233e-01
9.964930072419732054e-01
9.918735169926977679e-01
9.929095651908719233e-01
1.015973873289305995e+00
9.951594628425342037e-01
9.986165414537202523e-01
1.000793831966695135e+00
1.006301602230337044e+00
9.957723264663930207e-01
1.011654807574129844e+00
9.881866652361221970e-01
9.954463916732760875e-01
1.001537549034809071e+00
9.926968241191659326e-01
1.000987375585151273e+00
1.016836637501561613e+00
9.900441331890525998e-01
1.009266416184206649e+00
9.994556190744644519e-01
9.964845503227491852e-01
1.005483735988062399e+00
9.975734844116185274e-01
9.669296338432974425e-01
1.005671872145769363e+00
9.928401468819534337e-01
1.008678924232513818e+00
9.974283376764626619e-01
9.918401673197621005e-01
1.002008933651995282e+00
1.008785693780548165e+00
1.003794093274475774e+00
9.974118500098598794e-01
1.008239536102248923e+00
9.973621429315585596e-01
1.001485370835409672e+00
9.832116110516995189e-01
9.875170744572102643e-01
9.892159011825175652e-01
1.004018174252669704e+00
1.000005076962815709e+00
9.982881428860398421e-01
9.918776849703220266e-01
9.915438944465656546e-01
1.001930239375077525e+00
9.955424961108668702e-01
9.872242973929739041e-01
9.953809457128816041e-01
9.895181689385920132e-01
9.734872112181812698e-01
9.961934377484643610e-01
9.955938716054790749e-01
1.008280143134633322e+00
9.948606143466934837e-01
9.965923461455555854e-01
9.965753250886769665e-01
9.976323142641955188e-01
1.009628329373069677e+00
1.003929544899537785e+00
9.892100014461585600e-01
1.014766942320383336e+00
9.961766103678079132e-01
9.968793433559610673e-01
1.006612317903324616e+00
1.000651696442300453e+00
1.004309857199807698e+00
9.888880096842148637e-01
1.006776134079808482e+00
1.020602660532246020e+00
9.859749493754115246e-01
9.944706612853617678e-01
9.821114083143598350e-01
1.009232900985389758e+00
9.859918042080271228e-01
1.017144230603313160e+00
9.950771197179265615e-01
1.000604046258667612e+00
9.951554139973567414e-01
9.895070968686681123e-01
9.894511261121954337e-01
1.005348496018998006e+00
1.012426004480421415e+00
9.906459406340450968e-01
1.010017583324056334e+00
9.975793643552443024e-01
9.934470959885105534e-01
9.859555698689876913e-01
9.944774857150183722e-01
1.001130504770091578e+00
9.863614495462986742e-01
1.003720165062649494e+00
1.003595508960443139e+00
1.022275763175281238e+00
9.935911083084639772e-01
9.835541146919126732e-01
9.918670994738336688e-01
9.873363517983274606e-01
9.757151070245621005e-01
1.000527716674200596e+00
9.825519281745800360e-01
1.009173183593319756e+00
1.016265707897334947e+00
9.903652477496603934e-01
1.006649860477766500e+00
9.882845151103714088e-01
1.006865812712119723e+00
1.011872313246327204e+00
1.023089381783173657e+00
9.894676646487758909e-01
1.007599706338653034e+00
9.955162847223578693e-01
9.805587528054043878e-01
1.005225778624383448e+00
9.877521281459855640e-01
1.015585153001530072e+00
1.015325644323033627e+00
9.980320156410492638e-01
1.025173946169523287e+00
9.970755651640301753e-01
9.885469389394052619e-01
9.953542101485199911e-01
1.001636856678117748e+00
9.836940399479802144e-01
9.748552270764587746e-01
1.005717685955046736e+00
9.983739660994682685e-01
1.000596752338826168e+00
9.917531443987216422e-01
1.006447387753830913e+00
9.901144435952859979e-01
9.930226703525444343e-01
1.009244612159305943e+00
9.966225115683818858e-01
1.019982965581453627e+00
9.942908249490550743e-01
1.004737511084231150e+00
9.823911580876292238e-01
9.857896163471563389e-01
9.934263797906255355e-01
9.879340349151474188e-01
9.993170173053915750e-01
1.002125115375057440e+00
9.955123546419899494e-01
9.870195639086482009e-01
9.965733649171312214e-01
1.010931164343122690e+00
1.014954800922431843e+00
1.008349180459159999e+00
1.012905926907488929e+00
1.014443252066093315e+00
9.983041090939986928e-01
1.004107965460919516e+00
9.953821761216068431e-01
1.010305949396740122e+00
9.993677688612474519e-01
9.944418427283111539e-01
1.002754302139210019e+00
1.005271146724779241e+00
1.004573728332455396e+00
9.841640240005573581e-01
1.001161910048498749e+00
9.994872763722628672e-01
9.969474705785678070e-01
1.000193431715173054e+00
1.014275007043594412e+00
9.776733231604548546e-01
1.002942604326547471e+00
1.005545817814988974e+00
9.996593039182796181e-01
9.975427195304491512e-01
9.917030862117555134e-01
9.968493693659389310e-01
9.933749657456883986e-01
1.011143143609227746e+00
9.815806185506551484e-01
1.000344712974943873e+00
9.988600776555155436e-01
1.002965601395385598e+00
9.922395055342220216e-01
1.004974307221558671e+00
1.007507415114630156e+00
1.013909771570820961e+00
9.931986710945636121e-01
9.997559591275643198e-01
9.968055321345667963e-01
9.964125913064999507e-01
9.903172181429392706e-01
1.007765942523059843e+00
9.958843230669079949e-01
1.003230706399217409e+00
1.010064431178760325e+00
9.814407214236759991e-01
9.972332793985072552e-01
9.933168736738222648e-01
1.002861357725837843e+00
1.007585200850259488e+00
9.992555074725858466e-01
1.008343050643200955e+00
1.000542741290123772e+00
9.877867658234832371e-01
9.856869074145908627e-01
9.935195146022473001e-01
9.928506105352270517e-01
9.944184165348861626e-01
1.006162096869904765e+00
9.879104683659925001e-01
1.002914172644741253e+00
1.004443664061776875e+00
1.009041440344123908e+00
9.980347158759735882e-01
9.940462607836589859e-01
9.966066700560145541e-01
9.952705429816156579e-01
9.995878448943917860e-01
9.882677069810661408e-01
1.003897550569875508e+00
1.003377915523079533e+00
9.836150479784327993e-01
9.921002882787304245e-01
9.889140329872522228e-01
9.943538311775458327e-01
9.935641042128225964e-01
9.874339132503704430e-01
1.013352341976978099e+00
1.022414814583826548e+00
9.987141944612619726e-01
1.009292758619211972e+00
9.997363672592896044e-01
9.970246102475834871e-01
1.001625796612978458e+00
9.747375639308818451e-01
1.013476425343897258e+00
9.958480401003945159e-01
1.006554999542997875e+00
9.919153269520701866e-01
1.011425948451573520e+00
1.006991716827486005e+00
1.006166899345808607e+00
9.964263869076988023e-01
9.849326734180547938e-01
9.989387754795137075e-01
9.801812695179747958e-01
1.009558855132615784e+00
9.860752935412412379e-01
9.763408369067260173e-01
1.013106843731778950e+00
1.021182857710300595e+00
9.882897149059743924e-01
9.875059627486064695e-01
1.014234038763399015e+00
1.007742262365576069e+00
1.006688352673636988e+00
9.997100122741000572e-01
9.924182068805342816e-01
9.829346305299118125e-01
9.964722293973641287e-01
9.967397225960556995e-01
9.930775607344755063e-01
1.006585537186650336e+00
9.972495518976971507e-01
9.947534853048110026e-01
1.015813138014299177e+00
1.002775103887817876e+00
9.779432493842751262e-01
9.878256674848479024e-01
9.981323810776495664e-01
1.006718754123637316e+00
1.010260895016779292e+00
1.010181349381120919e+00
1.000767381902834652e+00
9.933453415597865988e-01
9.845708157861668974e-01
9.965455459872659683e-01
1.001796965438686904e+00
9.999029861622303894e-01
9.901589180133767432e-01
9.901694113095315108e-01
1.006334550344603285e+00
1.005416646272814463e+00
1.004787395004737904e+00
1.004118649600831636e+00
1.010721160998555801e+00
9.981136841702785700e-01
1.007291888245516631e+00
1.021339317270851588e+00
9.941875296193308786e-01
1.007836653565259644e+00
1.004958798425507949e+00
1.000428066753338063e+00
1.003333578582397134e+00
1.009461029154015588e+00
1.019089500616042754e+00
1.010664674193660906e+00
1.007847418985679422e+00
9.992911049711564742e-01
9.886705585130974860e-01
9.918838841114255844e-01
9.986287444601681385e-01
9.937676445892740240e-01
1.005580641163125399e+00
9.900469605946404794e-01
9.939379005274824319e-01
1.011829759465292300e+00
1.000537023668692793e+00
9.915711248280620893e-01
9.992690721406726206e-01
1.002544407431507079e+00
1.001998227304840450e+00
9.851407331594008721e-01
1.003097115332725942e+00
1.007687384786178031e+00
9.874876899093407712e-01
1.000048901240083721e+00
1.000733806156471006e+00
9.937680655441580857e-01
1.000002733126951870e+00
9.945214519734415504e-01
9.947299680821313217e-01
1.003124502093952097e+00
9.904576196144440070e-01
1.001073488879075324e+00
1.008095636589813049e+00
9.991440119620402793e-01
9.935274718005342454e-01
9.973458560997401356e-01
1.018901712919923153e+00
1.001946366993492932e+00
9.967187279352019980e-01
9.886350599918796167e-01
9.903905519745026531e-01
1.001437549424087914e+00
9.811519259991045017e-01
1.005295967107570521e+00
1.004513913561720040e+00
9.974373850920796869e-01
1.002935366333171707e+00
1.012667743780039986e+00
1.002073539655593537e+00
1.014122354549389371e+00
9.947332184729442695e-01
1.003172449399210686e+00
1.015607912439595140e+00
9.888754716934535782e-01
1.008743751866653993e+00
9.943817800886264324e-01
9.953129706367075391e-01
9.912083766798344131e-01
1.017046345428178400e+00
1.004072892213082158e+00
9.932138509268911841e-01
9.946616641426436756e-01
9.983539380289805365e-01
1.003376752284790063e+00
9.985384573837450262e-01
9.896554761641143116e-01
9.910664105202098284e-01
9.912604630253603055e-01
9.926471783742547572e-01
1.007902774288938597e+00
1.007813146126415482e+00
1.004215241767085987e+00
1.010715269937656924e+00
9.970420287605307186e-01
1.005394356867964412e+00
9.802078439879504668e-01
9.801651308155385767e-01
1.003076725855500451e+00
9.920337732204049797e-01
1.003349554598029103e+00
9.970348277451394070e-01
9.963674029145330735e-01
1.008029524922463782e+00
9.927975905383045196e-01
9.931015332872721313e-01
9.798394034252858598e-01
9.995369480757917424e-01
1.014955879382041903e+00
1.014833843929128454e+00
9.944289169317211963e-01
1.004284994896814220e+00
1.013019348201013692e+00
9.922033643197658570e-01
9.857877098202167954e-01
1.000777026347835497e+00
9.875895189796873863e-01
1.006470303249357601e+00
1.005195337374709563e+00
9.936506575905695859e-01
9.905611361611821319e-01
1.007945999929803937e+00
1.000723883731811981e+00
1.008844871248814057e+00
9.982789671929298558e-01
1.004692969475406983e+00
1.003386827818959270e+00
1.011757544745683024e+00
9.889086868828477206e-01
1.002932714085182253e+00
9.889941681967613363e-01
1.001434118971748832e+00
9.826232115812277845e-01
9.883098414314775981e-01
1.014264589740816680e+00
1.002751851681226825e+00
9.922378532757692993e-01
1.006941964956040048e+00
1.006938403376689273e+00
1.002167471481986816e+00
1.007805098319949133e+00
9.992998058690889529e-01
1.005045325141128654e+00
1.001746792584847334e+00
1.011057899769300938e+00
1.001621300447872454e+00
1.013400897538333068e+00
9.943371926440615072e-01
9.947464031226056491e-01
9.959451795277322050e-01
1.016905903322173677e+00
9.907857425199132484e-01
1.018840954549857791e+00
1.002032398803575752e+00
1.007848729781811503e+00
9.832576985802575775e-01
1.008449664974303994e+00
1.008075617070467889e+00
9.843470516092261979e-01
1.012026184239525506e+00
1.005391422280336400e+00
9.995961856323981598e-01
1.020249040770939031e+00
1.004517811896801005e+00
1.006538412986365039e+00
1.000963899273496382e+00
9.994457171480500834e-01
1.002959145144596498e+00
1.008809089585703589e+00
9.934224697324280928e-01
9.699931233667820063e-01
9.994690919709188215e-01
9.960959894607219756e-01
1.001853545968717230e+00
1.019536762145783149e+00
1.027825777947362740e+00
1.010107156612158441e+00
1.003333195171635550e+00
1.007157114929590147e+00
1.005477263110486685e+00
9.989681105634530267e-01
9.990908872110333405e-01
1.002686411765139063e+00
9.973519593968082075e-01
9.765075951831467815e-01
1.000250785338442583e+00
9.954677786960004493e-01
9.966305898204143032e-01
9.999383501308972688e-01
1.003548711416575978e+00
1.007975467948898363e+00
1.006013984720025789e+00
9.963544534130083230e-01
9.801135535774514462e-01
9.969450538204753798e-01
1.004182436338654894e+00
1.005748624233101518e+00
9.879861361372966888e-01
9.957586188051799070e-01
9.846206908970728255e-01
9.981788579909843806e-01
9.964524201224873590e-01
1.006906382246075093e+00
1.006509318560566468e+00
1.013614670580143207e+00
1.000955041896288256e+00
1.016018034922023805e+00
1.007320796262137108e+00
9.997095548268939424e-01
9.909103738602118572e-01
9.829744610937892757e-01
1.005840674120514144e+00
1.013558345301146746e+00
9.965607144788527494e-01
1.006779169446825328e+00
9.998251546556153890e-01
1.008954031835112231e+00
9.932295662554073701e-01
1.004202820172408694e+00
9.940538727181065237e-01
9.857185098819721825e-01
1.014077374290437650e+00
1.007716669441460544e+00
9.932334922479919559e-01
1.027179371124933738e+00
9.932177607962534571e-01
9.947487993278721907e-01
9.939919776473403745e-01
1.003221551045268001e+00
9.889725678157210709e-01
1.008320554272229996e+00
1.009880464949779455e+00
9.976179077842476373e-01
9.938335382252735384e-01
1.002327986597753240e+00
1.003613540599328946e+00
1.009698512153699879e+00
9.960333003344398195e-01
1.010745181954485261e+00
1.010940079816205373e+00
9.896964518997141136e-01
1.004845071404698587e+00
9.979650426415579423e-01
9.883744145655480873e-01
9.996764451734037049e-01
9.901268300241053977e-01
1.006364462334965459e+00
9.920118343857405874e-01
1.001572724639869350e+00
1.009506926179207786e+00
1.010107621520973442e+00
1.005938115793420851e+00
1.004025191323887789e+00
9.952274769324385151e-01
1.012574262039433126e+00
9.824755985457704899e-01
1.007472152602386206e+00
9.891234788822491630e-01
9.711357298276427352e-01
1.001221549758847695e+00
9.958669041211273276e-01
1.007231355595999966e+00
1.013658964988547018e+00
9.855748037377184412e-01
1.002144497451209704e+00
1.001593452054209132e+00
9.853938062247714624e-01
9.975047891447574866e-01
1.004280895008301977e+00
9.878784409755620999e-01
9.933869829621786440e-01
1.002207866891605237e+00
1.001765181200069632e+00
1.017076938935296937e+00
9.781708951576795208e-01
9.924120669887088741e-01
9.838887814121826114e-01
9.991638494771624135e-01
1.013976523088227832e+00
1.005715011569674688e+00
9.893269781189449885e-01
9.990886242987441213e-01
9.946481686541869260e-01
1.000904668076127990e+00
9.969357061489907412e-01
1.018164811225589217e+00
9.896525239499714965e-01
9.829729080555972276e-01
1.006218040175980821e+00
9.973311124446138098e-01
9.850639849235994783e-01
1.002025905085446089e+00
1.005028827466422081e+00
9.942854889607177782e-01
9.921253719553445594e-01
9.967121562361966891e-01
1.011637618854283049e+00
1.001310077974633117e+00
9.986318384255983283e-01
1.001048622592189741e+00
9.889531237605496683e-01
9.834986456406453748e-01
1.005161364416963909e+00
9.890403415877089266e-01
1.022861207851820664e+00
1.001499367184373934e+00
1.005979051270389446e+00
9.978153660912960632e-01
1.006759912950037306e+00
9.866522342719001859e-01
9.893163339883448426e-01
9.904046300791004009e-01
9.761324454398202510e-01
1.009615305344967906e+00
1.012914299870483870e+00
1.012755726067723572e+00
1.001488254392993049e+00
1.009439722553578944e+00
1.007929741350557018e+00
9.890428079104643944e-01
9.790156373651535127e-01
9.998380129502593139e-01
1.000601814027634706e+00
1.002028345354381900e+00
9.952619656743857401e-01
9.914847277238609813e-01
9.959631921841949342e-01
9.936338384571168358e-01
9.683516843518527040e-01
9.950245121157952344e-01
9.938627773838311086e-01
1.009955494159400224e+00
1.015931217223287719e+00
9.975358564706782172e-01
9.931204010645213742e-01
1.012532685264996513e+00
1.006830408326735204e+00
1.005259183811867629e+00
1.005683333693706993e+00
1.006724336129005914e+00
1.012975965902160214e+00
9.988987322839956162e-01
9.932216980128550921e-01
9.955485577282201515e-01
9.921325866941278493e-01
9.954432562792207007e-01
1.012345074197246397e+00
1.007157537910022826e+00
1.003744771334810215e+00
9.955375194506892456e-01
1.000959591427502016e+00
1.004289440671093603e+00
9.850952810444375540e-01
1.001050999317494528e+00
1.005577248555486802e+00
9.739022370547170127e-01
9.993070199084024274e-01
1.022053153092443489e+00
1.004360511460225425e+00
9.976252151580980998e-01
9.721474699913644768e-01
9.880007021768424380e-01
1.002243248495674255e+00
1.004715899955528791e+00
9.855739599601691658e-01
9.891729303577246890e-01
1.002510739100045623e+00
1.000383098449657115e+00
1.008435253766153838e+00
1.003065481130134495e+00
9.796842198111017641e-01
1.012004263616585353e+00
9.787228949425422764e-01
1.004398978859512459e+00
9.939355813999712908e-01
9.995724827499089526e-01
9.966770517056009471e-01
9.992281164308746133e-01
9.998113622441988646e-01
1.013204097207684562e+00
9.898948127940692121e-01
9.994892983930016017e-01
1.006585735148626704e+00
9.932231586479424168e-01
1.003505840470397148e+00
9.964562220985923036e-01
1.021127097908442805e+00
1.006182192722817170e+00
1.015925278361861750e+00
9.816871403251007377e-01
1.004990666296415425e+00
1.000195667844014702e+00
9.911375455262448897e-01
9.763840019194476305e-01
1.016327827327968336e+00
9.998539204783450929e-01
1.011769268118505316e+00
1.016879631719051158e+00
9.977271979446669103e-01
9.925470311217708952e-01
9.984887486068150242e-01
9.893170235328846429e-01
1.006103339264471819e+00
1.000542855889011928e+00
1.007304941212528782e+00
1.004276171044629073e+00
1.001121290857234225e+00
1.006563824855131628e+00
9.912881565422897445e-01
1.015525840605709718e+00
9.937688459202369540e-01
9.973861682156361930e-01
9.869421617981684047e-01
1.006362938638942328e+00
1.020424729738269365e+00
9.985824817035674483e-01
9.914902748910978669e-01
1.000589290185579516e+00
9.972436734617449172e-01
9.899163715159056132e-01
1.000191881260861892e+00
1.004969831105071654e+00
1.010959640357546041e+00
9.903778963030481775e-01
1.012050883233615250e+00
9.828920019188491786e-01
9.846374051798025828e-01
1.005149460604025657e+00
9.963581475622866890e-01
9.804976593743226498e-01
9.977608001497439982e-01
9.854517350961431443e-01
1.018475026608645084e+00
9.807444437247592184e-01
9.989973659749870061e-01
